1H16_APFL1,1R9E_APFL2_DHAB_BSSA,1HK8_ARNR_III,1L1L_ARNR_II_MONOMER,4R1R_ARNR_1,1XJE_ARNR_II_DIMER,2HA9_ARNR_PFL_LIKE_DUF711,20808264RNR_III,38199336RNR_III,29897259RNR_III,46578715RNR_III,34395948RNR_III,16799382RNR_III,17549184RNR_III,50843575RNR_III,15597116RNR_III,42526839RNR_III,34103723RNR_III,45047350RNR_III,31745026RNR_III,18309899RNR_III,23466296RNR_III,19703656RNR_III,18311489RNR_III,15679535RNR_III,25028919RNR_III,19913820RNR_III,19887396RNR_III,14589982RNR_III,41615134RNR_III,26553948RNR_III,32034522RNR_III,56459299RNR_III,15643151RNR_III,122202257RNR_II_MONOMER,46445745RNR_II_MONOMER,182676582RNR_II_MONOMER,66801255RNR_II_MONOMER,22298870RNR_II_MONOMER,2F3O_APFL2_DHAB_BSSA,28379125PFL2_DHAB_BSSA,418519PFL2_DHAB_BSSA,3024375PFL2_DHAB_BSSA,22536514PFL2_DHAB_BSSA,28203085PFL2_DHAB_BSSA,23954275PFL2_DHAB_BSSA,28211126PFL2_DHAB_BSSA,26250357PFL2_DHAB_BSSA,57158548PFL2_DHAB_BSSA,51244468PFL2_DHAB_BSSA,39984089PFL2_DHAB_BSSA,46580677PFL2_DHAB_BSSA,28300939PFL2_DHAB_BSSA,50877916PFL2_DHAB_BSSA,56476471PFL2_DHAB_BSSA,51850061PFL2_DHAB_BSSA,2500058PFL1,3122593PFL1,4218500PFL1,6580769PFL1,22298533PFL1,28379671PFL1,29350146PFL1,29376172PFL1,23465524PFL1,16801097PFL1,47525779PFL1,19713713PFL1,1PEQ_ARNR_1,4R1R_CRNR_1,2WGH_ARNR_1,1ZYZ_ARNR_1,417657RNR_1,1350599RNR_1,1350600RNR_1,1710384RNR_1,1710391RNR_1,3914639RNR_1,3914655RNR_1,3914656RNR_1,6093975RNR_1,6225952RNR_1,7388069RNR_1,10957414RNR_1,12644286RNR_1,13882932RNR_1,15290502RNR_1,15604373RNR_1,15674554RNR_1,15677158RNR_1,15791174RNR_1,18266787RNR_1,18311343RNR_1,19074701RNR_1,19703450RNR_1,21223594RNR_1,21910585RNR_1,23100544RNR_1,28198392RNR_1,28493650RNR_1,29654844RNR_1,30019504RNR_1,30316299RNR_1,30793895RNR_1,33236863RNR_1,33598410RNR_1,39938540RNR_1,46100377RNR_1,46255233RNR_1,46446982RNR_1,49256098RNR_1,51891460RNR_1,52000447RNR_1,53728875RNR_1,56707667RNR_1,57014144RNR_1,66810005RNR_1,71895081RNR_1,72163400RNR_1,2648891RNR_II_DIMER,57234895RNR_II_DIMER,16082440RNR_II_DIMER,51893898RNR_II_DIMER,2621734RNR_II_DIMER,15897814RNR_II_DIMER,20090518RNR_II_DIMER,42557734RNR_II_DIMER,51246679RNR_II_DIMER,15839968RNR_II_DIMER,34102757RNR_II_DIMER,20808702RNR_II_DIMER,14590272RNR_II_DIMER,42522732RNR_II_DIMER,74055571RNR_II_DIMER,81568276RNR_II_DIMER,53803344RNR_II_DIMER,15790595RNR_II_DIMER,18313863RNR_II_DIMER,21673413RNR_II_DIMER,81737311RNR_II_DIMER,21224150RNR_II_DIMER,10175431RNR_II_DIMER,32477697RNR_II_DIMER,73748165RNR_II_DIMER,47458851RNR_II_DIMER,28210310RNR_II_DIMER,17544914RNR_II_DIMER,34397173RNR_II_DIMER,53723300RNR_II_DIMER,157165627RNR_PFL_LIKE_DUF712,18310479RNR_PFL_LIKE_DUF713,253581564RNR_PFL_LIKE_DUF714,150385022RNR_PFL_LIKE_DUF715,53728820RNR_PFL_LIKE_DUF716,254669585RNR_PFL_LIKE_DUF717,20090543RNR_PFL_LIKE_DUF718,23396954RNR_PFL_LIKE_DUF719,20094650RNR_PFL_LIKE_DUF720,154501151RNR_PFL_LIKE_DUF721,237732939RNR_PFL_LIKE_DUF722,15669861RNR_PFL_LIKE_DUF723,170290665RNR_PFL_LIKE_DUF724,18314171RNR_PFL_LIKE_DUF725,146303128RNR_PFL_LIKE_DUF726,15920428RNR_PFL_LIKE_DUF727,229536413RNR_PFL_LIKE_DUF728
0.0,913.0,1130.0,1150.0,1110.0,1150.0,1260.0,1110.0,1150.0,1130.0,1150.0,1120.0,1120.0,1120.0,1140.0,1120.0,1110.0,1130.0,1130.0,1170.0,1170.0,1120.0,1160.0,1090.0,1090.0,1080.0,1120.0,1140.0,1180.0,1160.0,1140.0,1130.0,1100.0,1150.0,1160.0,1180.0,1140.0,1160.0,1260.0,962.0,911.0,925.0,959.0,929.0,941.0,1050.0,1020.0,939.0,923.0,954.0,926.0,1070.0,995.0,1050.0,1070.0,1060.0,361.0,552.0,344.0,221.0,209.0,397.0,318.0,380.0,366.0,464.0,279.0,213.0,1160.0,1110.0,1170.0,1170.0,1180.0,1140.0,1170.0,1170.0,1180.0,1190.0,1190.0,1180.0,1170.0,1170.0,1210.0,1170.0,1180.0,1150.0,1170.0,1210.0,1120.0,1140.0,1170.0,1190.0,1180.0,1160.0,1140.0,1170.0,1170.0,1160.0,1150.0,1120.0,1200.0,1180.0,1170.0,1180.0,1200.0,1230.0,1160.0,1160.0,1200.0,1200.0,1170.0,1150.0,1180.0,1210.0,1210.0,1190.0,1150.0,1170.0,1190.0,1150.0,1150.0,1180.0,1190.0,1150.0,1170.0,1160.0,1180.0,1150.0,1130.0,1140.0,1150.0,1160.0,1170.0,1140.0,1160.0,1130.0,1160.0,1170.0,1140.0,1170.0,1130.0,1160.0,1130.0,1150.0,1170.0,1130.0,1140.0,1180.0,1140.0,1260.0,1260.0,1260.0,1240.0,1230.0,1230.0,1240.0,1250.0,1260.0,1280.0,1240.0,1250.0,1240.0,1280.0,1240.0,1240.0,1270.0
913.0,0.0,1140.0,1210.0,1160.0,1210.0,1250.0,1090.0,1160.0,1160.0,1100.0,1160.0,1150.0,1110.0,1150.0,1110.0,1090.0,1150.0,1160.0,1130.0,1150.0,1190.0,1160.0,1140.0,1160.0,1130.0,1170.0,1160.0,1180.0,1170.0,1160.0,1170.0,1140.0,1170.0,1220.0,1230.0,1200.0,1210.0,1230.0,708.0,651.0,535.0,638.0,625.0,217.0,833.0,810.0,272.0,712.0,673.0,658.0,909.0,884.0,889.0,976.0,975.0,892.0,971.0,912.0,919.0,905.0,938.0,927.0,894.0,965.0,969.0,912.0,928.0,1200.0,1160.0,1210.0,1220.0,1220.0,1180.0,1210.0,1190.0,1200.0,1210.0,1250.0,1210.0,1250.0,1210.0,1240.0,1200.0,1220.0,1200.0,1240.0,1190.0,1180.0,1170.0,1220.0,1210.0,1220.0,1190.0,1160.0,1210.0,1200.0,1220.0,1200.0,1210.0,1230.0,1190.0,1200.0,1210.0,1210.0,1230.0,1200.0,1200.0,1200.0,1220.0,1220.0,1210.0,1200.0,1200.0,1230.0,1190.0,1210.0,1210.0,1200.0,1200.0,1150.0,1200.0,1190.0,1160.0,1190.0,1240.0,1190.0,1180.0,1190.0,1210.0,1210.0,1190.0,1220.0,1220.0,1230.0,1240.0,1180.0,1230.0,1190.0,1200.0,1180.0,1190.0,1190.0,1170.0,1200.0,1210.0,1230.0,1220.0,1210.0,1250.0,1260.0,1250.0,1230.0,1230.0,1230.0,1230.0,1230.0,1240.0,1250.0,1250.0,1250.0,1250.0,1290.0,1260.0,1270.0,1300.0
1130.0,1140.0,0.0,1180.0,1150.0,1120.0,1250.0,907.0,949.0,768.0,943.0,389.0,441.0,957.0,760.0,917.0,921.0,304.0,880.0,837.0,948.0,500.0,626.0,724.0,841.0,555.0,926.0,908.0,1050.0,1020.0,729.0,1090.0,1050.0,1020.0,1210.0,1220.0,1200.0,1210.0,1190.0,1140.0,1130.0,1110.0,1150.0,1140.0,1170.0,1160.0,1160.0,1160.0,1130.0,1110.0,1120.0,1180.0,1090.0,1140.0,1180.0,1170.0,1120.0,1090.0,1120.0,1130.0,1130.0,1110.0,1110.0,1130.0,1140.0,1120.0,1120.0,1130.0,1080.0,1150.0,1140.0,1130.0,1140.0,1090.0,1130.0,1070.0,1140.0,1140.0,1180.0,1160.0,1150.0,1140.0,1160.0,1130.0,1150.0,1100.0,1150.0,1170.0,1110.0,1160.0,1140.0,1130.0,1170.0,1130.0,1140.0,1140.0,1120.0,1140.0,1130.0,1100.0,1170.0,1090.0,1150.0,1130.0,1160.0,1170.0,1090.0,1120.0,1160.0,1130.0,1140.0,1110.0,1110.0,1180.0,1150.0,1080.0,1140.0,1140.0,1170.0,1090.0,1090.0,1090.0,1100.0,1080.0,1100.0,1100.0,1110.0,1110.0,1090.0,1120.0,1070.0,1140.0,1130.0,1090.0,1160.0,1110.0,1090.0,1120.0,1140.0,1160.0,1090.0,1110.0,1130.0,1090.0,1100.0,1150.0,1130.0,1110.0,1120.0,1270.0,1230.0,1250.0,1260.0,1240.0,1240.0,1260.0,1230.0,1220.0,1240.0,1250.0,1260.0,1250.0,1280.0,1240.0,1270.0,1230.0
1150.0,1210.0,1180.0,0.0,1060.0,968.0,1190.0,1160.0,1140.0,1150.0,1190.0,1140.0,1200.0,1150.0,1190.0,1150.0,1160.0,1170.0,1190.0,1200.0,1140.0,1190.0,1180.0,1130.0,1140.0,1130.0,1140.0,1180.0,1220.0,1210.0,1180.0,1240.0,1220.0,1220.0,724.0,953.0,751.0,692.0,996.0,1150.0,1180.0,1170.0,1200.0,1190.0,1220.0,1210.0,1210.0,1190.0,1160.0,1160.0,1160.0,1190.0,1160.0,1160.0,1210.0,1220.0,1170.0,1150.0,1170.0,1140.0,1160.0,1170.0,1160.0,1140.0,1150.0,1140.0,1150.0,1170.0,1050.0,1060.0,1040.0,1030.0,1040.0,1050.0,1000.0,1050.0,1050.0,1040.0,1030.0,1040.0,1040.0,1040.0,1040.0,1010.0,1030.0,1040.0,1050.0,1050.0,1060.0,1070.0,1030.0,1040.0,1050.0,1040.0,1000.0,1050.0,1040.0,1080.0,1070.0,1020.0,1030.0,1080.0,1030.0,1050.0,1010.0,1040.0,1050.0,1050.0,1100.0,1060.0,1040.0,1060.0,1050.0,1110.0,1100.0,1070.0,1050.0,1030.0,1020.0,906.0,936.0,967.0,950.0,939.0,974.0,946.0,953.0,973.0,928.0,938.0,882.0,965.0,1050.0,922.0,1040.0,978.0,945.0,999.0,1040.0,1030.0,1040.0,949.0,1090.0,963.0,943.0,1050.0,985.0,985.0,998.0,1200.0,1210.0,1190.0,1180.0,1200.0,1200.0,1190.0,1160.0,1200.0,1190.0,1190.0,1180.0,1190.0,1190.0,1180.0,1180.0,1240.0
1110.0,1160.0,1150.0,1060.0,0.0,947.0,1200.0,1150.0,1140.0,1130.0,1140.0,1100.0,1110.0,1180.0,1140.0,1150.0,1170.0,1130.0,1130.0,1160.0,1070.0,1140.0,1150.0,1090.0,1120.0,1130.0,1130.0,1120.0,1170.0,1180.0,1180.0,1190.0,1170.0,1210.0,1090.0,1110.0,1060.0,1100.0,1150.0,1120.0,1150.0,1130.0,1150.0,1140.0,1150.0,1180.0,1200.0,1180.0,1120.0,1130.0,1080.0,1200.0,1130.0,1180.0,1180.0,1200.0,1110.0,1100.0,1110.0,1090.0,1100.0,1100.0,1110.0,1090.0,1110.0,1110.0,1090.0,1090.0,896.0,5.54,904.0,943.0,905.0,899.0,916.0,913.0,923.0,889.0,850.0,918.0,878.0,803.0,919.0,939.0,896.0,883.0,859.0,882.0,891.0,145.0,901.0,912.0,850.0,915.0,772.0,881.0,951.0,856.0,863.0,849.0,936.0,891.0,897.0,908.0,893.0,927.0,885.0,907.0,907.0,920.0,915.0,816.0,912.0,883.0,880.0,909.0,928.0,909.0,926.0,899.0,937.0,944.0,908.0,936.0,941.0,909.0,919.0,955.0,912.0,941.0,918.0,980.0,996.0,935.0,1020.0,928.0,963.0,964.0,993.0,1010.0,957.0,934.0,1030.0,954.0,931.0,992.0,972.0,962.0,1050.0,1200.0,1190.0,1200.0,1170.0,1180.0,1170.0,1180.0,1190.0,1180.0,1170.0,1220.0,1180.0,1180.0,1200.0,1160.0,1170.0,1180.0
1150.0,1210.0,1120.0,968.0,947.0,0.0,1250.0,1140.0,1090.0,1090.0,1150.0,1150.0,1150.0,1120.0,1140.0,1100.0,1140.0,1130.0,1120.0,1170.0,1130.0,1120.0,1140.0,1110.0,1150.0,1090.0,1100.0,1150.0,1160.0,1190.0,1170.0,1180.0,1190.0,1160.0,1020.0,1060.0,944.0,1030.0,1090.0,1120.0,1200.0,1180.0,1210.0,1210.0,1200.0,1170.0,1170.0,1210.0,1200.0,1160.0,1170.0,1230.0,1160.0,1170.0,1210.0,1200.0,1150.0,1100.0,1170.0,1120.0,1130.0,1150.0,1130.0,1160.0,1150.0,1110.0,1120.0,1170.0,881.0,947.0,888.0,910.0,858.0,861.0,894.0,859.0,880.0,903.0,871.0,905.0,865.0,845.0,810.0,881.0,883.0,881.0,862.0,898.0,871.0,975.0,753.0,898.0,870.0,911.0,838.0,837.0,928.0,876.0,857.0,765.0,780.0,880.0,869.0,880.0,753.0,771.0,918.0,910.0,908.0,898.0,899.0,830.0,894.0,897.0,870.0,873.0,908.0,885.0,760.0,491.0,508.0,504.0,539.0,473.0,525.0,581.0,589.0,551.0,580.0,611.0,575.0,549.0,766.0,603.0,797.0,626.0,681.0,618.0,739.0,789.0,743.0,718.0,791.0,660.0,720.0,799.0,755.0,699.0,839.0,1240.0,1230.0,1200.0,1220.0,1210.0,1210.0,1200.0,1220.0,1240.0,1210.0,1220.0,1230.0,1220.0,1230.0,1160.0,1190.0,1220.0
1260.0,1250.0,1250.0,1190.0,1200.0,1250.0,0.0,1230.0,1230.0,1260.0,1240.0,1250.0,1260.0,1220.0,1250.0,1230.0,1230.0,1250.0,1250.0,1270.0,1210.0,1260.0,1250.0,1270.0,1260.0,1240.0,1230.0,1250.0,1250.0,1240.0,1260.0,1240.0,1220.0,1250.0,1220.0,1270.0,1220.0,1230.0,1220.0,1200.0,1270.0,1260.0,1260.0,1260.0,1250.0,1260.0,1250.0,1260.0,1260.0,1270.0,1250.0,1290.0,1270.0,1300.0,1310.0,1320.0,1270.0,1260.0,1250.0,1270.0,1270.0,1260.0,1250.0,1240.0,1280.0,1250.0,1250.0,1270.0,1200.0,1200.0,1220.0,1240.0,1230.0,1210.0,1230.0,1210.0,1240.0,1220.0,1210.0,1240.0,1190.0,1200.0,1170.0,1200.0,1210.0,1220.0,1210.0,1230.0,1220.0,1200.0,1220.0,1240.0,1200.0,1230.0,1200.0,1200.0,1220.0,1180.0,1190.0,1190.0,1240.0,1230.0,1240.0,1240.0,1210.0,1250.0,1180.0,1240.0,1190.0,1230.0,1230.0,1210.0,1220.0,1220.0,1230.0,1240.0,1220.0,1230.0,1240.0,1220.0,1220.0,1200.0,1200.0,1200.0,1220.0,1200.0,1190.0,1230.0,1190.0,1180.0,1190.0,1220.0,1180.0,1210.0,1190.0,1200.0,1190.0,1230.0,1200.0,1220.0,1200.0,1210.0,1230.0,1210.0,1200.0,1200.0,1200.0,1220.0,1240.0,181.0,302.0,331.0,350.0,339.0,344.0,341.0,347.0,458.0,318.0,341.0,359.0,555.0,633.0,636.0,653.0,729.0
1110.0,1090.0,907.0,1160.0,1150.0,1140.0,1230.0,0.0,422.0,902.0,420.0,911.0,878.0,377.0,892.0,382.0,341.0,913.0,731.0,924.0,519.0,903.0,925.0,900.0,693.0,915.0,776.0,851.0,697.0,730.0,969.0,963.0,993.0,952.0,1260.0,1240.0,1180.0,1260.0,1230.0,1120.0,1090.0,1100.0,1140.0,1090.0,1100.0,1130.0,1160.0,1120.0,1070.0,1070.0,1070.0,1160.0,1160.0,1170.0,1230.0,1240.0,1080.0,1140.0,1110.0,1110.0,1110.0,1120.0,1110.0,1100.0,1150.0,1120.0,1060.0,1120.0,1130.0,1150.0,1160.0,1140.0,1170.0,1130.0,1150.0,1090.0,1150.0,1150.0,1150.0,1170.0,1160.0,1120.0,1140.0,1160.0,1150.0,1150.0,1130.0,1170.0,1120.0,1160.0,1150.0,1140.0,1150.0,1130.0,1120.0,1170.0,1100.0,1130.0,1110.0,1170.0,1160.0,1090.0,1160.0,1170.0,1150.0,1180.0,1140.0,1150.0,1120.0,1150.0,1160.0,1110.0,1140.0,1180.0,1130.0,1100.0,1140.0,1160.0,1130.0,1170.0,1100.0,1140.0,1180.0,1140.0,1180.0,1160.0,1170.0,1130.0,1140.0,1140.0,1180.0,1170.0,1210.0,1170.0,1220.0,1180.0,1150.0,1170.0,1200.0,1210.0,1170.0,1160.0,1220.0,1140.0,1180.0,1200.0,1150.0,1150.0,1190.0,1230.0,1220.0,1220.0,1230.0,1210.0,1200.0,1230.0,1230.0,1230.0,1230.0,1240.0,1210.0,1250.0,1280.0,1250.0,1240.0,1300.0
1150.0,1160.0,949.0,1140.0,1140.0,1090.0,1230.0,422.0,0.0,934.0,449.0,956.0,932.0,209.0,864.0,257.0,432.0,950.0,846.0,961.0,556.0,932.0,945.0,961.0,755.0,904.0,826.0,880.0,743.0,792.0,978.0,989.0,992.0,963.0,1250.0,1260.0,1170.0,1250.0,1240.0,1140.0,1110.0,1130.0,1130.0,1130.0,1150.0,1150.0,1180.0,1150.0,1150.0,1130.0,1100.0,1200.0,1170.0,1200.0,1200.0,1220.0,1140.0,1150.0,1130.0,1130.0,1150.0,1150.0,1160.0,1140.0,1180.0,1130.0,1110.0,1160.0,1140.0,1140.0,1150.0,1140.0,1140.0,1140.0,1170.0,1110.0,1150.0,1150.0,1100.0,1160.0,1120.0,1110.0,1120.0,1160.0,1160.0,1160.0,1100.0,1160.0,1140.0,1150.0,1130.0,1150.0,1120.0,1150.0,1090.0,1150.0,1120.0,1130.0,1100.0,1110.0,1160.0,1090.0,1160.0,1170.0,1140.0,1170.0,1140.0,1170.0,1100.0,1160.0,1160.0,1100.0,1160.0,1170.0,1140.0,1100.0,1180.0,1150.0,1140.0,1150.0,1120.0,1110.0,1150.0,1110.0,1140.0,1150.0,1160.0,1160.0,1100.0,1140.0,1160.0,1160.0,1200.0,1120.0,1230.0,1160.0,1150.0,1130.0,1180.0,1220.0,1170.0,1160.0,1210.0,1130.0,1150.0,1200.0,1140.0,1160.0,1150.0,1220.0,1240.0,1210.0,1220.0,1220.0,1210.0,1230.0,1240.0,1240.0,1220.0,1230.0,1210.0,1250.0,1280.0,1240.0,1240.0,1300.0
1130.0,1160.0,768.0,1150.0,1130.0,1090.0,1260.0,902.0,934.0,0.0,937.0,801.0,855.0,943.0,459.0,926.0,919.0,817.0,879.0,502.0,933.0,836.0,784.0,627.0,841.0,798.0,957.0,871.0,1020.0,1030.0,872.0,1060.0,1070.0,1030.0,1190.0,1200.0,1180.0,1230.0,1190.0,1120.0,1170.0,1120.0,1140.0,1170.0,1200.0,1150.0,1140.0,1190.0,1120.0,1120.0,1090.0,1220.0,1150.0,1180.0,1190.0,1210.0,1120.0,1080.0,1130.0,1140.0,1130.0,1110.0,1120.0,1150.0,1130.0,1090.0,1120.0,1140.0,1170.0,1130.0,1150.0,1140.0,1150.0,1160.0,1140.0,1160.0,1130.0,1150.0,1150.0,1160.0,1170.0,1150.0,1170.0,1160.0,1130.0,1170.0,1180.0,1170.0,1170.0,1150.0,1170.0,1110.0,1160.0,1150.0,1110.0,1190.0,1180.0,1180.0,1160.0,1160.0,1190.0,1150.0,1130.0,1130.0,1160.0,1170.0,1160.0,1150.0,1150.0,1160.0,1160.0,1140.0,1160.0,1160.0,1170.0,1130.0,1150.0,1150.0,1180.0,1060.0,1080.0,1070.0,1110.0,1100.0,1070.0,1140.0,1150.0,1110.0,1090.0,1090.0,1080.0,1100.0,1190.0,1100.0,1150.0,1100.0,1130.0,1130.0,1120.0,1160.0,1130.0,1130.0,1230.0,1030.0,1110.0,1140.0,1090.0,1150.0,1150.0,1250.0,1230.0,1240.0,1240.0,1250.0,1250.0,1230.0,1230.0,1230.0,1230.0,1240.0,1250.0,1240.0,1270.0,1230.0,1250.0,1240.0
1150.0,1100.0,943.0,1190.0,1140.0,1150.0,1240.0,420.0,449.0,937.0,0.0,909.0,896.0,418.0,934.0,404.0,385.0,924.0,819.0,926.0,508.0,929.0,936.0,891.0,764.0,901.0,800.0,791.0,752.0,736.0,1010.0,965.0,963.0,930.0,1250.0,1230.0,1190.0,1250.0,1230.0,1130.0,1120.0,1100.0,1130.0,1110.0,1130.0,1160.0,1180.0,1120.0,1080.0,1070.0,1080.0,1170.0,1170.0,1200.0,1240.0,1260.0,1130.0,1160.0,1150.0,1140.0,1140.0,1160.0,1120.0,1110.0,1170.0,1140.0,1130.0,1160.0,1150.0,1140.0,1160.0,1150.0,1170.0,1130.0,1160.0,1110.0,1140.0,1160.0,1100.0,1180.0,1130.0,1130.0,1150.0,1170.0,1150.0,1140.0,1110.0,1180.0,1140.0,1150.0,1160.0,1140.0,1140.0,1150.0,1100.0,1190.0,1120.0,1130.0,1110.0,1140.0,1160.0,1100.0,1170.0,1180.0,1140.0,1180.0,1120.0,1170.0,1110.0,1180.0,1170.0,1090.0,1160.0,1130.0,1130.0,1110.0,1160.0,1160.0,1140.0,1120.0,1140.0,1150.0,1140.0,1150.0,1140.0,1120.0,1170.0,1160.0,1110.0,1150.0,1150.0,1150.0,1200.0,1140.0,1190.0,1160.0,1190.0,1150.0,1180.0,1210.0,1140.0,1180.0,1220.0,1130.0,1180.0,1160.0,1160.0,1120.0,1230.0,1240.0,1230.0,1220.0,1230.0,1230.0,1220.0,1220.0,1250.0,1240.0,1230.0,1240.0,1220.0,1260.0,1300.0,1260.0,1250.0,1300.0
1120.0,1160.0,389.0,1140.0,1100.0,1150.0,1250.0,911.0,956.0,801.0,909.0,0.0,366.0,919.0,772.0,910.0,938.0,306.0,846.0,856.0,926.0,447.0,625.0,671.0,844.0,559.0,972.0,919.0,1060.0,1050.0,762.0,1090.0,1080.0,1030.0,1230.0,1190.0,1200.0,1230.0,1210.0,1160.0,1140.0,1120.0,1180.0,1160.0,1180.0,1180.0,1200.0,1160.0,1130.0,1110.0,1130.0,1170.0,1100.0,1180.0,1180.0,1190.0,1140.0,1130.0,1140.0,1130.0,1140.0,1140.0,1120.0,1130.0,1170.0,1120.0,1150.0,1140.0,1110.0,1100.0,1150.0,1100.0,1130.0,1130.0,1090.0,1070.0,1120.0,1120.0,1120.0,1150.0,1120.0,1160.0,1150.0,1090.0,1130.0,1130.0,1130.0,1170.0,1110.0,1120.0,1120.0,1110.0,1180.0,1110.0,1070.0,1110.0,1110.0,1100.0,1100.0,1090.0,1170.0,1080.0,1110.0,1140.0,1160.0,1160.0,1080.0,1100.0,1150.0,1120.0,1140.0,1120.0,1110.0,1180.0,1140.0,1090.0,1120.0,1150.0,1170.0,1100.0,1120.0,1130.0,1120.0,1120.0,1130.0,1090.0,1100.0,1110.0,1110.0,1110.0,1060.0,1140.0,1150.0,1110.0,1170.0,1090.0,1110.0,1180.0,1140.0,1170.0,1100.0,1110.0,1150.0,1100.0,1100.0,1160.0,1150.0,1110.0,1160.0,1250.0,1240.0,1230.0,1250.0,1220.0,1230.0,1250.0,1230.0,1220.0,1240.0,1230.0,1250.0,1230.0,1280.0,1230.0,1250.0,1220.0
1120.0,1150.0,441.0,1200.0,1110.0,1150.0,1260.0,878.0,932.0,855.0,896.0,366.0,0.0,938.0,783.0,923.0,932.0,417.0,822.0,853.0,910.0,341.0,580.0,736.0,843.0,604.0,961.0,899.0,1030.0,998.0,742.0,1080.0,1070.0,1050.0,1230.0,1210.0,1190.0,1220.0,1210.0,1140.0,1140.0,1120.0,1190.0,1160.0,1170.0,1150.0,1160.0,1160.0,1140.0,1120.0,1130.0,1170.0,1090.0,1160.0,1190.0,1200.0,1150.0,1130.0,1120.0,1150.0,1140.0,1110.0,1120.0,1140.0,1160.0,1120.0,1140.0,1140.0,1100.0,1110.0,1150.0,1120.0,1150.0,1140.0,1110.0,1080.0,1140.0,1120.0,1160.0,1160.0,1190.0,1170.0,1200.0,1130.0,1140.0,1130.0,1160.0,1180.0,1120.0,1140.0,1160.0,1120.0,1180.0,1110.0,1100.0,1160.0,1070.0,1170.0,1160.0,1140.0,1170.0,1090.0,1130.0,1130.0,1180.0,1190.0,1110.0,1110.0,1170.0,1140.0,1150.0,1180.0,1130.0,1210.0,1130.0,1100.0,1130.0,1160.0,1170.0,1140.0,1140.0,1170.0,1170.0,1150.0,1160.0,1140.0,1120.0,1150.0,1160.0,1130.0,1080.0,1140.0,1160.0,1150.0,1200.0,1130.0,1130.0,1180.0,1190.0,1220.0,1140.0,1130.0,1160.0,1160.0,1130.0,1170.0,1150.0,1120.0,1140.0,1270.0,1250.0,1240.0,1270.0,1220.0,1230.0,1260.0,1260.0,1250.0,1250.0,1230.0,1260.0,1250.0,1300.0,1250.0,1260.0,1240.0
1120.0,1110.0,957.0,1150.0,1180.0,1120.0,1220.0,377.0,209.0,943.0,418.0,919.0,938.0,0.0,899.0,195.0,366.0,949.0,799.0,976.0,530.0,937.0,916.0,947.0,760.0,924.0,753.0,854.0,751.0,801.0,977.0,986.0,963.0,945.0,1230.0,1260.0,1170.0,1230.0,1260.0,1150.0,1110.0,1100.0,1120.0,1110.0,1130.0,1140.0,1160.0,1130.0,1130.0,1100.0,1100.0,1160.0,1170.0,1180.0,1220.0,1230.0,1110.0,1160.0,1130.0,1130.0,1130.0,1130.0,1140.0,1120.0,1160.0,1130.0,1110.0,1150.0,1150.0,1180.0,1180.0,1160.0,1170.0,1130.0,1190.0,1110.0,1160.0,1200.0,1120.0,1180.0,1140.0,1100.0,1130.0,1150.0,1190.0,1170.0,1130.0,1200.0,1130.0,1180.0,1150.0,1180.0,1160.0,1180.0,1110.0,1150.0,1130.0,1120.0,1100.0,1140.0,1160.0,1110.0,1200.0,1190.0,1140.0,1160.0,1150.0,1190.0,1130.0,1180.0,1190.0,1120.0,1180.0,1150.0,1140.0,1120.0,1200.0,1180.0,1130.0,1150.0,1130.0,1150.0,1150.0,1130.0,1150.0,1160.0,1160.0,1150.0,1120.0,1150.0,1190.0,1170.0,1180.0,1140.0,1190.0,1190.0,1160.0,1150.0,1160.0,1180.0,1150.0,1190.0,1200.0,1120.0,1170.0,1170.0,1150.0,1150.0,1160.0,1220.0,1230.0,1210.0,1210.0,1210.0,1210.0,1220.0,1240.0,1220.0,1220.0,1220.0,1200.0,1250.0,1280.0,1240.0,1230.0,1280.0
1140.0,1150.0,760.0,1190.0,1140.0,1140.0,1250.0,892.0,864.0,459.0,934.0,772.0,783.0,899.0,0.0,900.0,918.0,770.0,835.0,488.0,929.0,783.0,750.0,569.0,789.0,772.0,927.0,863.0,994.0,1010.0,888.0,1090.0,1060.0,1020.0,1250.0,1250.0,1190.0,1250.0,1210.0,1090.0,1120.0,1120.0,1130.0,1150.0,1160.0,1110.0,1110.0,1120.0,1110.0,1090.0,1090.0,1200.0,1100.0,1160.0,1170.0,1180.0,1150.0,1120.0,1140.0,1130.0,1140.0,1090.0,1140.0,1150.0,1160.0,1120.0,1100.0,1110.0,1170.0,1140.0,1170.0,1140.0,1160.0,1150.0,1140.0,1160.0,1150.0,1150.0,1140.0,1180.0,1190.0,1180.0,1180.0,1170.0,1150.0,1170.0,1190.0,1200.0,1160.0,1150.0,1200.0,1140.0,1210.0,1140.0,1130.0,1150.0,1170.0,1180.0,1170.0,1150.0,1200.0,1160.0,1170.0,1150.0,1210.0,1200.0,1200.0,1160.0,1150.0,1170.0,1170.0,1190.0,1160.0,1190.0,1180.0,1130.0,1170.0,1180.0,1200.0,1130.0,1120.0,1140.0,1180.0,1120.0,1150.0,1180.0,1140.0,1160.0,1110.0,1110.0,1150.0,1120.0,1190.0,1100.0,1200.0,1140.0,1150.0,1130.0,1180.0,1210.0,1110.0,1180.0,1220.0,1110.0,1180.0,1140.0,1110.0,1180.0,1150.0,1240.0,1240.0,1230.0,1230.0,1240.0,1240.0,1240.0,1240.0,1220.0,1240.0,1260.0,1230.0,1230.0,1260.0,1210.0,1240.0,1260.0
1120.0,1110.0,917.0,1150.0,1150.0,1100.0,1230.0,382.0,257.0,926.0,404.0,910.0,923.0,195.0,900.0,0.0,377.0,900.0,801.0,973.0,506.0,922.0,920.0,935.0,761.0,891.0,798.0,872.0,756.0,810.0,969.0,989.0,979.0,918.0,1230.0,1250.0,1150.0,1220.0,1240.0,1120.0,1100.0,1090.0,1130.0,1120.0,1100.0,1100.0,1150.0,1130.0,1090.0,1080.0,1050.0,1180.0,1160.0,1140.0,1210.0,1200.0,1120.0,1150.0,1140.0,1120.0,1140.0,1120.0,1140.0,1120.0,1150.0,1120.0,1100.0,1150.0,1120.0,1150.0,1170.0,1150.0,1150.0,1100.0,1180.0,1100.0,1150.0,1170.0,1140.0,1170.0,1140.0,1100.0,1120.0,1140.0,1180.0,1140.0,1130.0,1180.0,1110.0,1160.0,1100.0,1160.0,1140.0,1150.0,1100.0,1150.0,1080.0,1140.0,1100.0,1130.0,1150.0,1100.0,1170.0,1180.0,1120.0,1160.0,1140.0,1170.0,1110.0,1160.0,1170.0,1110.0,1160.0,1140.0,1130.0,1090.0,1170.0,1160.0,1140.0,1150.0,1110.0,1150.0,1150.0,1120.0,1160.0,1140.0,1190.0,1120.0,1120.0,1150.0,1170.0,1160.0,1160.0,1140.0,1190.0,1170.0,1150.0,1160.0,1150.0,1180.0,1140.0,1180.0,1180.0,1140.0,1160.0,1150.0,1130.0,1150.0,1140.0,1240.0,1240.0,1220.0,1230.0,1230.0,1230.0,1240.0,1250.0,1250.0,1240.0,1240.0,1220.0,1270.0,1300.0,1250.0,1250.0,1290.0
1110.0,1090.0,921.0,1160.0,1170.0,1140.0,1230.0,341.0,432.0,919.0,385.0,938.0,932.0,366.0,918.0,377.0,0.0,935.0,763.0,979.0,453.0,929.0,918.0,924.0,731.0,912.0,750.0,848.0,747.0,763.0,975.0,972.0,969.0,909.0,1240.0,1240.0,1170.0,1250.0,1240.0,1100.0,1130.0,1080.0,1150.0,1110.0,1090.0,1110.0,1130.0,1110.0,1090.0,1090.0,1090.0,1140.0,1110.0,1170.0,1220.0,1230.0,1110.0,1100.0,1120.0,1120.0,1120.0,1120.0,1130.0,1100.0,1150.0,1100.0,1090.0,1100.0,1150.0,1170.0,1160.0,1150.0,1180.0,1150.0,1150.0,1120.0,1150.0,1150.0,1140.0,1160.0,1130.0,1120.0,1130.0,1160.0,1150.0,1160.0,1120.0,1180.0,1130.0,1180.0,1160.0,1130.0,1130.0,1130.0,1130.0,1140.0,1140.0,1140.0,1120.0,1160.0,1170.0,1130.0,1170.0,1160.0,1140.0,1160.0,1150.0,1160.0,1130.0,1160.0,1160.0,1110.0,1140.0,1150.0,1150.0,1100.0,1150.0,1160.0,1130.0,1140.0,1120.0,1140.0,1140.0,1120.0,1160.0,1160.0,1180.0,1140.0,1130.0,1140.0,1170.0,1150.0,1200.0,1160.0,1180.0,1180.0,1170.0,1160.0,1150.0,1200.0,1130.0,1190.0,1210.0,1130.0,1180.0,1200.0,1160.0,1160.0,1210.0,1240.0,1230.0,1230.0,1240.0,1230.0,1220.0,1240.0,1250.0,1240.0,1240.0,1250.0,1230.0,1250.0,1310.0,1270.0,1250.0,1290.0
1130.0,1150.0,304.0,1170.0,1130.0,1130.0,1250.0,913.0,950.0,817.0,924.0,306.0,417.0,949.0,770.0,900.0,935.0,0.0,877.0,839.0,939.0,514.0,608.0,755.0,850.0,549.0,952.0,918.0,1020.0,1010.0,731.0,1100.0,1090.0,1030.0,1240.0,1200.0,1220.0,1220.0,1200.0,1130.0,1150.0,1140.0,1170.0,1170.0,1170.0,1190.0,1180.0,1170.0,1130.0,1110.0,1120.0,1160.0,1060.0,1160.0,1170.0,1150.0,1140.0,1120.0,1110.0,1140.0,1140.0,1130.0,1140.0,1150.0,1130.0,1130.0,1120.0,1140.0,1100.0,1130.0,1140.0,1100.0,1120.0,1110.0,1100.0,1060.0,1110.0,1110.0,1150.0,1150.0,1120.0,1140.0,1150.0,1100.0,1150.0,1120.0,1130.0,1170.0,1100.0,1150.0,1120.0,1110.0,1150.0,1120.0,1080.0,1110.0,1090.0,1110.0,1110.0,1080.0,1150.0,1060.0,1130.0,1140.0,1150.0,1140.0,1090.0,1110.0,1170.0,1120.0,1130.0,1130.0,1110.0,1180.0,1130.0,1070.0,1130.0,1140.0,1150.0,1110.0,1130.0,1140.0,1150.0,1110.0,1140.0,1110.0,1110.0,1150.0,1120.0,1120.0,1070.0,1150.0,1130.0,1110.0,1190.0,1090.0,1140.0,1150.0,1140.0,1180.0,1110.0,1120.0,1130.0,1120.0,1110.0,1160.0,1160.0,1120.0,1150.0,1260.0,1240.0,1240.0,1250.0,1220.0,1230.0,1260.0,1250.0,1230.0,1230.0,1250.0,1250.0,1230.0,1270.0,1240.0,1260.0,1230.0
1130.0,1160.0,880.0,1190.0,1130.0,1120.0,1250.0,731.0,846.0,879.0,819.0,846.0,822.0,799.0,835.0,801.0,763.0,877.0,0.0,839.0,783.0,885.0,890.0,763.0,472.0,892.0,674.0,638.0,832.0,820.0,927.0,1080.0,1070.0,983.0,1250.0,1220.0,1180.0,1240.0,1200.0,1150.0,1150.0,1110.0,1170.0,1190.0,1150.0,1150.0,1180.0,1170.0,1080.0,1130.0,1110.0,1170.0,1090.0,1140.0,1230.0,1240.0,1120.0,1170.0,1140.0,1130.0,1130.0,1130.0,1090.0,1130.0,1160.0,1130.0,1130.0,1110.0,1150.0,1130.0,1170.0,1140.0,1170.0,1130.0,1180.0,1100.0,1180.0,1160.0,1140.0,1190.0,1150.0,1140.0,1140.0,1170.0,1160.0,1150.0,1140.0,1150.0,1150.0,1150.0,1150.0,1180.0,1150.0,1160.0,1110.0,1170.0,1110.0,1120.0,1140.0,1150.0,1150.0,1110.0,1170.0,1170.0,1150.0,1160.0,1150.0,1170.0,1140.0,1170.0,1180.0,1170.0,1160.0,1170.0,1140.0,1090.0,1150.0,1170.0,1160.0,1120.0,1120.0,1130.0,1130.0,1140.0,1150.0,1140.0,1130.0,1160.0,1140.0,1140.0,1120.0,1160.0,1180.0,1160.0,1190.0,1160.0,1140.0,1140.0,1160.0,1200.0,1170.0,1170.0,1190.0,1110.0,1160.0,1220.0,1160.0,1120.0,1170.0,1260.0,1260.0,1230.0,1250.0,1230.0,1220.0,1240.0,1260.0,1250.0,1270.0,1250.0,1240.0,1250.0,1280.0,1230.0,1220.0,1280.0
1170.0,1130.0,837.0,1200.0,1160.0,1170.0,1270.0,924.0,961.0,502.0,926.0,856.0,853.0,976.0,488.0,973.0,979.0,839.0,839.0,0.0,943.0,853.0,794.0,671.0,870.0,822.0,965.0,871.0,1010.0,1020.0,902.0,1070.0,1030.0,1030.0,1230.0,1230.0,1200.0,1260.0,1200.0,1150.0,1130.0,1120.0,1140.0,1160.0,1170.0,1170.0,1170.0,1140.0,1120.0,1130.0,1130.0,1190.0,1100.0,1160.0,1240.0,1250.0,1150.0,1130.0,1170.0,1150.0,1150.0,1150.0,1160.0,1160.0,1180.0,1150.0,1140.0,1160.0,1200.0,1160.0,1200.0,1180.0,1200.0,1180.0,1180.0,1150.0,1190.0,1210.0,1170.0,1210.0,1190.0,1170.0,1170.0,1170.0,1160.0,1220.0,1180.0,1210.0,1210.0,1170.0,1220.0,1170.0,1190.0,1200.0,1170.0,1230.0,1190.0,1180.0,1190.0,1160.0,1210.0,1150.0,1190.0,1170.0,1210.0,1200.0,1170.0,1180.0,1160.0,1190.0,1210.0,1160.0,1180.0,1190.0,1200.0,1120.0,1190.0,1200.0,1200.0,1150.0,1130.0,1130.0,1190.0,1160.0,1170.0,1160.0,1160.0,1190.0,1170.0,1150.0,1140.0,1150.0,1210.0,1160.0,1210.0,1160.0,1190.0,1170.0,1180.0,1200.0,1160.0,1200.0,1230.0,1140.0,1190.0,1190.0,1140.0,1180.0,1200.0,1260.0,1260.0,1250.0,1250.0,1260.0,1260.0,1270.0,1250.0,1240.0,1260.0,1260.0,1250.0,1240.0,1270.0,1240.0,1260.0,1280.0
1170.0,1150.0,948.0,1140.0,1070.0,1130.0,1210.0,519.0,556.0,933.0,508.0,926.0,910.0,530.0,929.0,506.0,453.0,939.0,783.0,943.0,0.0,956.0,927.0,915.0,780.0,962.0,834.0,842.0,813.0,791.0,939.0,977.0,941.0,934.0,1230.0,1240.0,1140.0,1220.0,1260.0,1120.0,1080.0,1110.0,1130.0,1100.0,1130.0,1130.0,1160.0,1160.0,1070.0,1080.0,1100.0,1200.0,1150.0,1160.0,1230.0,1220.0,1150.0,1140.0,1130.0,1150.0,1170.0,1180.0,1140.0,1170.0,1190.0,1140.0,1130.0,1170.0,1120.0,1070.0,1160.0,1140.0,1150.0,1130.0,1140.0,1120.0,1140.0,1120.0,1130.0,1170.0,1130.0,1090.0,1120.0,1170.0,1150.0,1130.0,1120.0,1170.0,1120.0,1100.0,1140.0,1130.0,1120.0,1120.0,1100.0,1150.0,1120.0,1150.0,1140.0,1130.0,1160.0,1110.0,1160.0,1140.0,1090.0,1140.0,1120.0,1140.0,1130.0,1150.0,1170.0,1110.0,1140.0,1150.0,1130.0,1110.0,1150.0,1160.0,1150.0,1120.0,1120.0,1120.0,1130.0,1120.0,1120.0,1140.0,1160.0,1150.0,1130.0,1140.0,1150.0,1150.0,1210.0,1160.0,1200.0,1150.0,1140.0,1140.0,1170.0,1220.0,1180.0,1170.0,1230.0,1150.0,1170.0,1170.0,1120.0,1120.0,1190.0,1200.0,1190.0,1170.0,1190.0,1180.0,1170.0,1200.0,1210.0,1220.0,1190.0,1190.0,1180.0,1230.0,1260.0,1260.0,1260.0,1260.0
1120.0,1190.0,500.0,1190.0,1140.0,1120.0,1260.0,903.0,932.0,836.0,929.0,447.0,341.0,937.0,783.0,922.0,929.0,514.0,885.0,853.0,956.0,0.0,643.0,732.0,850.0,622.0,995.0,915.0,1050.0,1040.0,788.0,1090.0,1090.0,1080.0,1200.0,1220.0,1180.0,1180.0,1180.0,1140.0,1150.0,1150.0,1180.0,1170.0,1210.0,1120.0,1130.0,1170.0,1130.0,1130.0,1130.0,1180.0,1120.0,1170.0,1190.0,1190.0,1140.0,1110.0,1110.0,1120.0,1130.0,1130.0,1110.0,1130.0,1160.0,1110.0,1120.0,1120.0,1130.0,1140.0,1180.0,1130.0,1150.0,1150.0,1120.0,1100.0,1150.0,1140.0,1140.0,1180.0,1150.0,1190.0,1180.0,1120.0,1160.0,1150.0,1170.0,1190.0,1130.0,1170.0,1150.0,1150.0,1190.0,1140.0,1110.0,1160.0,1110.0,1160.0,1130.0,1130.0,1180.0,1100.0,1160.0,1170.0,1170.0,1180.0,1110.0,1140.0,1190.0,1160.0,1180.0,1160.0,1140.0,1180.0,1110.0,1100.0,1170.0,1180.0,1180.0,1120.0,1130.0,1130.0,1150.0,1120.0,1170.0,1140.0,1120.0,1170.0,1110.0,1100.0,1080.0,1170.0,1140.0,1120.0,1180.0,1110.0,1070.0,1170.0,1150.0,1170.0,1120.0,1110.0,1190.0,1150.0,1110.0,1170.0,1140.0,1110.0,1130.0,1260.0,1250.0,1240.0,1250.0,1240.0,1250.0,1260.0,1250.0,1250.0,1260.0,1240.0,1270.0,1250.0,1270.0,1230.0,1270.0,1240.0
1160.0,1160.0,626.0,1180.0,1150.0,1140.0,1250.0,925.0,945.0,784.0,936.0,625.0,580.0,916.0,750.0,920.0,918.0,608.0,890.0,794.0,927.0,643.0,0.0,748.0,874.0,669.0,940.0,938.0,1010.0,1030.0,725.0,1050.0,1030.0,1030.0,1210.0,1190.0,1150.0,1230.0,1200.0,1070.0,1120.0,1080.0,1160.0,1110.0,1170.0,1120.0,1150.0,1160.0,1070.0,1090.0,1120.0,1160.0,1100.0,1150.0,1190.0,1170.0,1130.0,1130.0,1130.0,1150.0,1140.0,1130.0,1140.0,1130.0,1170.0,1130.0,1110.0,1130.0,1100.0,1150.0,1140.0,1120.0,1140.0,1110.0,1120.0,1120.0,1130.0,1140.0,1130.0,1140.0,1140.0,1150.0,1140.0,1150.0,1130.0,1120.0,1180.0,1180.0,1130.0,1160.0,1140.0,1130.0,1170.0,1130.0,1070.0,1140.0,1100.0,1130.0,1140.0,1120.0,1170.0,1120.0,1140.0,1130.0,1170.0,1170.0,1130.0,1110.0,1150.0,1140.0,1150.0,1150.0,1140.0,1170.0,1150.0,1130.0,1140.0,1140.0,1170.0,1090.0,1100.0,1120.0,1130.0,1110.0,1120.0,1170.0,1150.0,1140.0,1140.0,1120.0,1060.0,1130.0,1170.0,1130.0,1190.0,1110.0,1160.0,1150.0,1150.0,1200.0,1130.0,1120.0,1190.0,1120.0,1100.0,1180.0,1120.0,1170.0,1160.0,1260.0,1230.0,1240.0,1250.0,1230.0,1240.0,1250.0,1240.0,1210.0,1260.0,1250.0,1230.0,1220.0,1270.0,1230.0,1250.0,1230.0
1090.0,1140.0,724.0,1130.0,1090.0,1110.0,1270.0,900.0,961.0,627.0,891.0,671.0,736.0,947.0,569.0,935.0,924.0,755.0,763.0,671.0,915.0,732.0,748.0,0.0,794.0,770.0,930.0,821.0,995.0,972.0,827.0,1070.0,1020.0,1020.0,1200.0,1190.0,1170.0,1220.0,1200.0,1110.0,1130.0,1130.0,1140.0,1140.0,1180.0,1140.0,1180.0,1140.0,1060.0,1080.0,1100.0,1190.0,1130.0,1140.0,1220.0,1230.0,1120.0,1100.0,1120.0,1090.0,1120.0,1100.0,1080.0,1110.0,1140.0,1100.0,1110.0,1110.0,1150.0,1090.0,1160.0,1130.0,1150.0,1130.0,1100.0,1100.0,1130.0,1130.0,1150.0,1160.0,1160.0,1140.0,1170.0,1150.0,1130.0,1140.0,1150.0,1180.0,1160.0,1130.0,1160.0,1120.0,1180.0,1140.0,1120.0,1110.0,1110.0,1170.0,1150.0,1130.0,1180.0,1120.0,1150.0,1150.0,1160.0,1190.0,1130.0,1130.0,1170.0,1130.0,1160.0,1180.0,1130.0,1190.0,1160.0,1090.0,1150.0,1160.0,1160.0,1070.0,1090.0,1070.0,1110.0,1120.0,1100.0,1100.0,1100.0,1110.0,1080.0,1080.0,1060.0,1120.0,1160.0,1090.0,1180.0,1070.0,1110.0,1130.0,1170.0,1170.0,1110.0,1120.0,1180.0,1090.0,1100.0,1130.0,1080.0,1130.0,1140.0,1270.0,1260.0,1260.0,1260.0,1250.0,1240.0,1260.0,1260.0,1260.0,1270.0,1250.0,1270.0,1250.0,1290.0,1240.0,1260.0,1260.0
1090.0,1160.0,841.0,1140.0,1120.0,1150.0,1260.0,693.0,755.0,841.0,764.0,844.0,843.0,760.0,789.0,761.0,731.0,850.0,472.0,870.0,780.0,850.0,874.0,794.0,0.0,837.0,672.0,618.0,795.0,780.0,879.0,1060.0,1070.0,966.0,1250.0,1230.0,1160.0,1240.0,1170.0,1120.0,1130.0,1120.0,1150.0,1160.0,1160.0,1160.0,1180.0,1160.0,1060.0,1100.0,1100.0,1150.0,1110.0,1130.0,1200.0,1220.0,1090.0,1100.0,1100.0,1110.0,1120.0,1110.0,1080.0,1090.0,1140.0,1090.0,1100.0,1100.0,1140.0,1120.0,1140.0,1130.0,1170.0,1130.0,1150.0,1100.0,1170.0,1150.0,1140.0,1160.0,1100.0,1110.0,1140.0,1170.0,1140.0,1150.0,1080.0,1140.0,1140.0,1150.0,1140.0,1150.0,1100.0,1140.0,1110.0,1140.0,1110.0,1110.0,1090.0,1130.0,1150.0,1130.0,1150.0,1160.0,1140.0,1170.0,1120.0,1160.0,1130.0,1160.0,1160.0,1100.0,1140.0,1150.0,1110.0,1110.0,1140.0,1150.0,1140.0,1120.0,1130.0,1130.0,1140.0,1120.0,1150.0,1130.0,1140.0,1150.0,1120.0,1110.0,1130.0,1180.0,1210.0,1130.0,1200.0,1140.0,1130.0,1160.0,1180.0,1210.0,1160.0,1130.0,1220.0,1110.0,1140.0,1220.0,1110.0,1110.0,1180.0,1260.0,1250.0,1250.0,1250.0,1250.0,1250.0,1270.0,1260.0,1250.0,1270.0,1260.0,1240.0,1240.0,1270.0,1230.0,1220.0,1290.0
1080.0,1130.0,555.0,1130.0,1130.0,1090.0,1240.0,915.0,904.0,798.0,901.0,559.0,604.0,924.0,772.0,891.0,912.0,549.0,892.0,822.0,962.0,622.0,669.0,770.0,837.0,0.0,972.0,942.0,1060.0,1070.0,758.0,1100.0,1070.0,1050.0,1240.0,1160.0,1190.0,1250.0,1190.0,1100.0,1130.0,1100.0,1150.0,1140.0,1160.0,1110.0,1130.0,1140.0,1090.0,1060.0,1070.0,1150.0,1090.0,1170.0,1130.0,1140.0,1090.0,1050.0,1090.0,1100.0,1090.0,1060.0,1080.0,1080.0,1100.0,1050.0,1090.0,1090.0,1090.0,1130.0,1110.0,1090.0,1100.0,1110.0,1080.0,1100.0,1100.0,1090.0,1130.0,1140.0,1120.0,1100.0,1130.0,1120.0,1090.0,1120.0,1110.0,1110.0,1100.0,1110.0,1100.0,1100.0,1120.0,1110.0,1080.0,1090.0,1080.0,1090.0,1090.0,1080.0,1140.0,1060.0,1090.0,1110.0,1120.0,1160.0,1110.0,1110.0,1120.0,1090.0,1120.0,1080.0,1080.0,1130.0,1120.0,1080.0,1100.0,1120.0,1130.0,1070.0,1080.0,1090.0,1110.0,1080.0,1080.0,1100.0,1110.0,1090.0,1090.0,1040.0,1050.0,1120.0,1140.0,1060.0,1150.0,1060.0,1110.0,1080.0,1120.0,1140.0,1080.0,1080.0,1150.0,1070.0,1070.0,1130.0,1100.0,1100.0,1120.0,1250.0,1250.0,1250.0,1230.0,1230.0,1230.0,1240.0,1230.0,1200.0,1240.0,1250.0,1250.0,1230.0,1260.0,1230.0,1250.0,1220.0
1120.0,1170.0,926.0,1140.0,1130.0,1100.0,1230.0,776.0,826.0,957.0,800.0,972.0,961.0,753.0,927.0,798.0,750.0,952.0,674.0,965.0,834.0,995.0,940.0,930.0,672.0,972.0,0.0,748.0,902.0,890.0,1060.0,1110.0,1060.0,1010.0,1180.0,1210.0,1140.0,1200.0,1240.0,1170.0,1140.0,1160.0,1150.0,1160.0,1160.0,1150.0,1160.0,1160.0,1110.0,1100.0,1130.0,1190.0,1140.0,1170.0,1250.0,1250.0,1140.0,1160.0,1160.0,1150.0,1130.0,1130.0,1110.0,1140.0,1140.0,1130.0,1130.0,1140.0,1100.0,1130.0,1120.0,1110.0,1140.0,1080.0,1130.0,1100.0,1130.0,1120.0,1110.0,1130.0,1090.0,1070.0,1090.0,1110.0,1130.0,1100.0,1060.0,1130.0,1100.0,1130.0,1100.0,1120.0,1080.0,1110.0,1090.0,1140.0,1100.0,1130.0,1120.0,1130.0,1130.0,1120.0,1130.0,1140.0,1130.0,1120.0,1150.0,1120.0,1070.0,1150.0,1120.0,1100.0,1150.0,1120.0,1090.0,1120.0,1140.0,1120.0,1120.0,1090.0,1080.0,1140.0,1130.0,1100.0,1130.0,1090.0,1160.0,1130.0,1110.0,1130.0,1130.0,1150.0,1170.0,1120.0,1170.0,1150.0,1140.0,1130.0,1170.0,1180.0,1110.0,1150.0,1180.0,1090.0,1160.0,1210.0,1140.0,1110.0,1170.0,1250.0,1240.0,1230.0,1240.0,1220.0,1210.0,1250.0,1230.0,1250.0,1250.0,1250.0,1230.0,1250.0,1290.0,1210.0,1220.0,1270.0
1140.0,1160.0,908.0,1180.0,1120.0,1150.0,1250.0,851.0,880.0,871.0,791.0,919.0,899.0,854.0,863.0,872.0,848.0,918.0,638.0,871.0,842.0,915.0,938.0,821.0,618.0,942.0,748.0,0.0,858.0,868.0,961.0,1050.0,1060.0,975.0,1160.0,1220.0,1150.0,1220.0,1190.0,1180.0,1130.0,1150.0,1140.0,1160.0,1170.0,1150.0,1160.0,1150.0,1090.0,1130.0,1110.0,1170.0,1130.0,1160.0,1200.0,1230.0,1120.0,1150.0,1120.0,1130.0,1120.0,1110.0,1100.0,1120.0,1170.0,1140.0,1150.0,1140.0,1170.0,1120.0,1120.0,1120.0,1130.0,1160.0,1130.0,1130.0,1120.0,1120.0,1120.0,1140.0,1110.0,1140.0,1120.0,1170.0,1120.0,1170.0,1090.0,1150.0,1170.0,1120.0,1150.0,1130.0,1150.0,1110.0,1100.0,1170.0,1140.0,1160.0,1130.0,1140.0,1130.0,1100.0,1120.0,1150.0,1140.0,1150.0,1140.0,1120.0,1140.0,1130.0,1120.0,1140.0,1120.0,1160.0,1150.0,1110.0,1140.0,1120.0,1120.0,1110.0,1140.0,1130.0,1150.0,1120.0,1160.0,1130.0,1150.0,1150.0,1120.0,1130.0,1100.0,1170.0,1190.0,1100.0,1160.0,1140.0,1150.0,1150.0,1160.0,1170.0,1150.0,1160.0,1180.0,1090.0,1180.0,1190.0,1120.0,1130.0,1180.0,1240.0,1250.0,1240.0,1230.0,1240.0,1230.0,1240.0,1250.0,1230.0,1250.0,1240.0,1230.0,1220.0,1270.0,1190.0,1200.0,1240.0
1180.0,1180.0,1050.0,1220.0,1170.0,1160.0,1250.0,697.0,743.0,1020.0,752.0,1060.0,1030.0,751.0,994.0,756.0,747.0,1020.0,832.0,1010.0,813.0,1050.0,1010.0,995.0,795.0,1060.0,902.0,858.0,0.0,190.0,1010.0,986.0,1000.0,923.0,1250.0,1240.0,1170.0,1260.0,1280.0,1130.0,1160.0,1160.0,1190.0,1160.0,1190.0,1140.0,1160.0,1200.0,1100.0,1130.0,1150.0,1210.0,1150.0,1180.0,1230.0,1240.0,1180.0,1170.0,1170.0,1190.0,1180.0,1170.0,1180.0,1160.0,1200.0,1160.0,1180.0,1190.0,1180.0,1170.0,1160.0,1160.0,1160.0,1150.0,1160.0,1160.0,1150.0,1150.0,1150.0,1170.0,1170.0,1120.0,1130.0,1180.0,1150.0,1180.0,1160.0,1160.0,1160.0,1190.0,1180.0,1150.0,1180.0,1100.0,1130.0,1180.0,1150.0,1170.0,1150.0,1180.0,1190.0,1150.0,1180.0,1150.0,1200.0,1190.0,1170.0,1160.0,1170.0,1160.0,1170.0,1170.0,1140.0,1190.0,1170.0,1160.0,1150.0,1160.0,1180.0,1160.0,1140.0,1170.0,1170.0,1150.0,1200.0,1200.0,1190.0,1170.0,1150.0,1190.0,1140.0,1160.0,1220.0,1200.0,1230.0,1220.0,1180.0,1170.0,1190.0,1240.0,1210.0,1180.0,1230.0,1140.0,1160.0,1200.0,1130.0,1180.0,1190.0,1240.0,1260.0,1240.0,1240.0,1240.0,1240.0,1250.0,1230.0,1220.0,1240.0,1240.0,1210.0,1250.0,1260.0,1250.0,1250.0,1240.0
1160.0,1170.0,1020.0,1210.0,1180.0,1190.0,1240.0,730.0,792.0,1030.0,736.0,1050.0,998.0,801.0,1010.0,810.0,763.0,1010.0,820.0,1020.0,791.0,1040.0,1030.0,972.0,780.0,1070.0,890.0,868.0,190.0,0.0,1040.0,995.0,986.0,891.0,1260.0,1250.0,1210.0,1240.0,1290.0,1140.0,1150.0,1130.0,1160.0,1140.0,1180.0,1170.0,1180.0,1190.0,1100.0,1140.0,1160.0,1210.0,1140.0,1150.0,1220.0,1210.0,1160.0,1190.0,1160.0,1170.0,1160.0,1170.0,1150.0,1160.0,1200.0,1160.0,1170.0,1160.0,1210.0,1180.0,1160.0,1170.0,1170.0,1160.0,1170.0,1190.0,1160.0,1150.0,1170.0,1170.0,1190.0,1130.0,1160.0,1200.0,1160.0,1200.0,1150.0,1200.0,1170.0,1200.0,1200.0,1170.0,1210.0,1120.0,1140.0,1190.0,1160.0,1190.0,1180.0,1190.0,1200.0,1160.0,1190.0,1160.0,1200.0,1210.0,1160.0,1180.0,1170.0,1170.0,1170.0,1160.0,1140.0,1210.0,1180.0,1170.0,1160.0,1160.0,1210.0,1170.0,1160.0,1180.0,1180.0,1180.0,1180.0,1220.0,1200.0,1200.0,1150.0,1210.0,1160.0,1170.0,1240.0,1150.0,1260.0,1190.0,1200.0,1180.0,1230.0,1270.0,1240.0,1190.0,1260.0,1150.0,1200.0,1210.0,1130.0,1160.0,1180.0,1240.0,1250.0,1240.0,1240.0,1240.0,1240.0,1230.0,1240.0,1230.0,1230.0,1230.0,1220.0,1240.0,1260.0,1220.0,1250.0,1240.0
1140.0,1160.0,729.0,1180.0,1180.0,1170.0,1260.0,969.0,978.0,872.0,1010.0,762.0,742.0,977.0,888.0,969.0,975.0,731.0,927.0,902.0,939.0,788.0,725.0,827.0,879.0,758.0,1060.0,961.0,1010.0,1040.0,0.0,1110.0,1110.0,1070.0,1260.0,1210.0,1200.0,1280.0,1180.0,1150.0,1130.0,1130.0,1150.0,1140.0,1150.0,1150.0,1170.0,1180.0,1110.0,1120.0,1130.0,1180.0,1110.0,1160.0,1190.0,1180.0,1140.0,1130.0,1120.0,1140.0,1140.0,1140.0,1150.0,1150.0,1180.0,1140.0,1130.0,1140.0,1160.0,1180.0,1200.0,1200.0,1200.0,1200.0,1190.0,1150.0,1200.0,1220.0,1200.0,1210.0,1200.0,1210.0,1200.0,1170.0,1190.0,1200.0,1180.0,1200.0,1170.0,1200.0,1190.0,1190.0,1180.0,1190.0,1150.0,1200.0,1170.0,1190.0,1170.0,1170.0,1190.0,1170.0,1180.0,1200.0,1200.0,1190.0,1180.0,1180.0,1220.0,1200.0,1210.0,1220.0,1170.0,1220.0,1190.0,1150.0,1210.0,1210.0,1180.0,1180.0,1170.0,1200.0,1180.0,1180.0,1190.0,1190.0,1190.0,1210.0,1190.0,1150.0,1140.0,1170.0,1220.0,1160.0,1240.0,1160.0,1190.0,1200.0,1210.0,1250.0,1200.0,1130.0,1260.0,1150.0,1120.0,1200.0,1190.0,1130.0,1190.0,1260.0,1220.0,1250.0,1240.0,1240.0,1240.0,1250.0,1250.0,1230.0,1230.0,1250.0,1230.0,1260.0,1270.0,1250.0,1260.0,1220.0
1130.0,1170.0,1090.0,1240.0,1190.0,1180.0,1240.0,963.0,989.0,1060.0,965.0,1090.0,1080.0,986.0,1090.0,989.0,972.0,1100.0,1080.0,1070.0,977.0,1090.0,1050.0,1070.0,1060.0,1100.0,1110.0,1050.0,986.0,995.0,1110.0,0.0,464.0,943.0,1240.0,1240.0,1220.0,1240.0,1220.0,1170.0,1200.0,1170.0,1190.0,1190.0,1160.0,1250.0,1270.0,1170.0,1170.0,1180.0,1180.0,1210.0,1200.0,1230.0,1280.0,1280.0,1130.0,1110.0,1130.0,1130.0,1140.0,1090.0,1130.0,1130.0,1140.0,1120.0,1130.0,1150.0,1190.0,1190.0,1190.0,1200.0,1180.0,1160.0,1180.0,1170.0,1200.0,1200.0,1170.0,1190.0,1170.0,1170.0,1210.0,1180.0,1170.0,1200.0,1160.0,1220.0,1190.0,1190.0,1210.0,1200.0,1220.0,1200.0,1140.0,1220.0,1180.0,1180.0,1160.0,1180.0,1190.0,1180.0,1180.0,1190.0,1200.0,1200.0,1180.0,1170.0,1210.0,1190.0,1190.0,1190.0,1200.0,1210.0,1220.0,1200.0,1210.0,1180.0,1200.0,1170.0,1160.0,1190.0,1200.0,1180.0,1190.0,1220.0,1190.0,1210.0,1150.0,1200.0,1160.0,1180.0,1220.0,1190.0,1210.0,1180.0,1170.0,1190.0,1190.0,1230.0,1200.0,1150.0,1230.0,1120.0,1130.0,1200.0,1170.0,1170.0,1190.0,1230.0,1230.0,1230.0,1220.0,1210.0,1200.0,1210.0,1210.0,1210.0,1220.0,1240.0,1220.0,1240.0,1270.0,1240.0,1260.0,1270.0
